6.869219016452362325e+00,0.000000000000000000e+00,0.000000000000000000e+00,0.000000000000000000e+00,0.000000000000000000e+00,0.000000000000000000e+00,0.000000000000000000e+00,0.000000000000000000e+00,0.000000000000000000e+00,0.000000000000000000e+00,0.000000000000000000e+00,0.000000000000000000e+00,0.000000000000000000e+00,0.000000000000000000e+00,0.000000000000000000e+00,0.000000000000000000e+00,0.000000000000000000e+00,0.000000000000000000e+00,0.000000000000000000e+00,0.000000000000000000e+00,0.000000000000000000e+00,0.000000000000000000e+00,0.000000000000000000e+00,0.000000000000000000e+00,0.000000000000000000e+00,0.000000000000000000e+00,0.000000000000000000e+00,0.000000000000000000e+00,0.000000000000000000e+00,0.000000000000000000e+00,0.000000000000000000e+00,0.000000000000000000e+00,0.000000000000000000e+00,0.000000000000000000e+00,0.000000000000000000e+00,0.000000000000000000e+00,0.000000000000000000e+00,0.000000000000000000e+00,0.000000000000000000e+00,0.000000000000000000e+00,0.000000000000000000e+00,0.000000000000000000e+00,0.000000000000000000e+00,0.000000000000000000e+00,0.000000000000000000e+00,0.000000000000000000e+00,0.000000000000000000e+00,0.000000000000000000e+00,0.000000000000000000e+00,0.000000000000000000e+00
0.000000000000000000e+00,4.629790179084346313e+00,4.811956017332368760e-16,-1.935382553702336668e-15,2.950922175656880372e-15,4.238770100386502331e-16,-5.530309722444537929e-16,-3.492885129832149464e-16,-1.379827442075538448e-15,-1.723197249219083100e-15,-1.571455735816466381e-15,9.649082324194193941e-17,6.054568013050168016e-16,-1.146510202932482076e-15,3.934729996670594940e-16,-1.694959143541385725e-15,2.847956259657789371e-17,3.905848231651498623e-16,-1.439886811057864442e-15,4.166111135457259239e-15,1.033067004765559008e-15,8.672116650427494972e-16,-2.553520170870159131e-16,8.948438647043132945e-16,-2.061707559162717801e-15,3.545896722502200321e-16,-3.565489878986079744e-15,2.869724081486716127e-16,-2.760856526907644241e-16,2.398970342816885374e-15,-1.208537628662888205e-16,-7.083432205454120580e-18,8.676793466934967624e-16,-1.847963833325862950e-17,3.131833477443165644e-16,3.674484237892943676e-16,-5.752853418485267910e-16,-5.773630587004421011e-16,3.929164622778911622e-16,-3.252427367646318373e-16,-1.029648210863547696e-15,1.285776024948795271e-16,-9.256709542180184920e-16,9.636650726559702628e-16,6.545560797133090598e-16,-1.098278009187024217e-16,6.263294680935071544e-16,-2.811422291384321140e-16,-5.389407609504254348e-16,-1.911535646781846956e-15
0.000000000000000000e+00,4.811956017332368760e-16,5.966426705874060765e+00,1.942331477977344743e-15,-1.514128699183459987e-15,4.847126506486651936e-15,6.618463465126508081e-16,-3.511183189829274535e-15,6.891762485208820295e-16,3.642064197606344164e-16,4.064296925269474842e-15,-1.268983700082123071e-15,-1.404162767123055653e-15,-1.783064731622112851e-16,-1.288205113018284942e-15,-1.319668098472609242e-15,2.881080291428488571e-16,-1.534371016947275473e-15,1.189127147943479436e-15,-1.535419293515228426e-15,-1.114517410508366902e-15,2.735998775721241989e-17,1.766629410105005060e-15,8.704894582717897281e-16,3.981857007030562608e-16,-2.597164248024064267e-16,5.701279302830911323e-15,-6.358269902587673501e-16,-9.892889520897721537e-16,-3.129320957101907715e-16,-1.622639158607048966e-15,-2.183450987440028161e-16,-1.652241597202126429e-15,-2.721277587327019129e-16,8.553052239268383186e-16,5.292260542072677040e-16,1.498764452336970957e-15,-7.925658546693682150e-16,-1.056798864817284374e-15,1.609423035784175343e-15,7.078904269394849153e-16,1.631705065576642376e-16,-5.316054860406718129e-16,3.217970990837354478e-15,5.277114540992021821e-16,6.209825811056499803e-17,-1.825627222960701625e-15,2.050945570074684949e-15,5.773429469032664559e-16,8.514551422527116522e-16
0.000000000000000000e+00,-1.935382553702336668e-15,1.942331477977344743e-15,6.982918447706002674e+00,1.130722712451305062e-15,-1.889757303029104116e-17,-1.135781024238972771e-15,-9.726632087079775042e-16,2.172823539462388756e-15,9.004649984565704953e-16,-2.196992055624208136e-15,-1.105587946520364582e-15,3.274870982231706557e-15,5.181699785426858757e-15,-1.035254997776467839e-15,-5.674522353656506106e-16,-1.141342224233554693e-15,9.508000665289569696e-16,-1.303259252055076471e-15,4.293088661132326955e-16,1.974812183100874797e-15,-3.667792211532155512e-16,-8.926009081353288351e-16,6.315060482816427315e-16,-1.286007875552772343e-15,1.254755926916697161e-15,-9.230809064959925055e-15,2.837363052006542421e-16,8.944778984277459328e-17,-2.496555006898964703e-15,1.551258902023992344e-15,-5.933760079768639709e-16,1.640047895025813186e-15,7.620541674100330434e-15,4.012406978826851130e-16,-1.056816787038157310e-15,-8.995516889803500321e-16,-3.631099633892284715e-16,-7.439825904875104573e-16,1.388506706900621272e-15,-5.244485802368270203e-16,7.735771547131170837e-16,1.518405083878835238e-15,-8.781811392838530342e-16,1.748857015972454011e-15,-1.518763541686561941e-15,5.607568686433090636e-16,-3.048416471652037166e-18,-1.163425317152435092e-15,-3.252710585267734114e-15
0.000000000000000000e+00,2.950922175656880372e-15,-1.514128699183459987e-15,1.130722712451305062e-15,5.642292973613382223e+00,-5.176273801428675124e-16,-2.078154260585118326e-15,-9.003085486786258917e-15,4.505080230054165742e-15,-6.416634141552993727e-15,-3.712656428908217016e-15,8.250983059789843175e-16,6.417676503840183788e-16,-2.400627696265586651e-15,1.612878874454245215e-15,-2.622340762057126575e-15,1.036144651595624280e-15,-5.516149268233882865e-16,3.403933557915992610e-15,1.922231798092077334e-15,3.572189651964583375e-15,1.376021507518546069e-15,-7.214638650099116301e-16,4.605709403731193516e-15,-1.150805257076138847e-15,-1.156284559932929758e-15,1.899026029561454020e-15,3.121159299743052467e-16,-9.381184793308189819e-16,-2.626046240668163639e-15,-1.930484730752548553e-15,-1.294998258977113506e-15,5.444569638384959255e-16,-4.664418548295803485e-17,5.225562486212736381e-15,-1.903729516020204386e-16,2.186777456401767246e-15,-1.230029998134532291e-15,-2.106000047509356182e-15,-5.714855132880496237e-16,-1.525046546635181977e-16,-3.871817799543808146e-17,6.412852060816890208e-16,3.832127992419524530e-15,2.232653559854416362e-15,3.445795449389337629e-17,-8.453132900572646191e-16,1.406731937882616797e-15,-1.966132074297974125e-16,8.331955632004450006e-16
0.000000000000000000e+00,4.238770100386502331e-16,4.847126506486651936e-15,-1.889757303029104116e-17,-5.176273801428675124e-16,5.905840534321879609e+00,5.914618919421559311e-16,1.145533071217856421e-15,-3.811189792781826818e-15,4.589936228354687484e-16,5.061856141328585024e-15,-6.758863570894667253e-18,-1.871602863660085593e-15,-1.209927979997354051e-16,-3.472447186602694253e-16,-5.666760301563984341e-15,1.386526841807945785e-16,1.372614057901048692e-15,-1.469737336417520117e-15,3.244025160585614111e-15,1.228935976853911423e-15,6.148687968434745446e-16,9.757249837599022966e-17,-2.319478477468224143e-15,-5.724916965552501712e-16,1.937245355237512728e-16,-9.878187891213347424e-16,-6.626520030579350532e-16,1.336038036156676642e-15,-1.798953955209106074e-16,-1.412971072163114353e-15,2.494630276983782164e-16,9.219261420146370367e-16,7.183574086159379947e-16,-4.494777873719834185e-16,2.110881567512343859e-16,2.652831764591638508e-18,-6.821555901323674632e-17,1.554941392029277158e-15,-7.909424193771126168e-16,-5.439972442408360273e-16,-3.418197618287550945e-16,-1.384762026802536197e-15,5.058046874278456531e-16,-4.143122483480595529e-16,-1.375708796916580014e-15,1.099701988448010377e-15,-1.559607979615914160e-15,-3.487505850138054013e-16,4.131485980728799838e-16
0.000000000000000000e+00,-5.530309722444537929e-16,6.618463465126508081e-16,-1.135781024238972771e-15,-2.078154260585118326e-15,5.914618919421559311e-16,3.804214656524541827e+00,4.889182444546677756e-17,1.181521159330393078e-16,-9.515370930211432147e-16,1.015854846051371272e-17,-3.428833107210813825e-15,-5.970420631025113089e-16,-1.083572115818632898e-15,2.840173492346509680e-15,1.395937437300630421e-15,4.618853744122901866e-16,-4.411851740179030182e-15,-1.911854746475653887e-15,-2.539394123325020790e-15,6.740659504758870122e-16,-1.163230169671309261e-16,4.963611065710220559e-16,-1.038428946494407831e-15,-3.804643079668672966e-16,2.323338298729821292e-18,1.255211246392250466e-15,1.365530620319541926e-16,-1.524217536079354196e-15,-7.455367215021352100e-16,-1.328615150301390588e-15,-2.882146392600608029e-16,1.983462765566914085e-16,-1.125530434899289964e-15,8.124112506272800971e-16,-1.670856432579092475e-16,3.770496684555666836e-16,-6.151985392479497944e-16,-1.979878478185130741e-16,1.616914701309815398e-15,6.101101122837688352e-16,5.809796798310967789e-17,8.155394823566337302e-17,-5.142066644401777948e-16,9.149382014629944279e-18,-1.001051038127799940e-15,-5.969376888818963747e-16,1.454586376734986653e-15,-6.832839398751123853e-16,5.051977876670203022e-16
0.000000000000000000e+00,-3.492885129832149464e-16,-3.511183189829274535e-15,-9.726632087079775042e-16,-9.003085486786258917e-15,1.145533071217856421e-15,4.889182444546677756e-17,7.704300121428826920e+00,-2.822656919171260362e-15,1.907736836348665684e-15,2.465127502514920851e-15,-6.072550759155574395e-15,-4.917701855071331839e-15,-3.104942058864888663e-15,-2.884706140339529673e-16,1.671297837071806652e-15,7.836017499184480855e-16,-5.472703932186930734e-15,-4.822850754486381862e-15,4.917171587358858483e-16,1.024591596356567869e-15,1.386724697075773011e-15,-3.076502389098189360e-15,-1.540610655327219979e-15,4.796512101344241003e-15,1.064053109110312057e-15,-4.630910734781452211e-16,3.925893433710308417e-15,3.789162435320668586e-15,5.560303581344527421e-16,-2.307023003202456592e-15,-1.891612141942745890e-15,-1.263169866970326837e-15,5.405240127652213694e-16,-5.367347647364489441e-16,-7.555524592786341042e-16,5.282517956106133608e-17,6.831264315909375686e-16,1.272484501047108820e-15,7.801751111733271387e-16,-7.499868689813305581e-16,-1.193523470126906304e-15,-1.384824109092929607e-15,-7.324191658960557524e-15,-1.673526505895215959e-15,-7.258833983264875522e-16,-1.575058377216295341e-15,-6.065108730865486802e-15,-1.506853173985926891e-16,1.647479806025851224e-15
0.000000000000000000e+00,-1.379827442075538448e-15,6.891762485208820295e-16,2.172823539462388756e-15,4.505080230054165742e-15,-3.811189792781826818e-15,1.181521159330393078e-16,-2.822656919171260362e-15,6.225615793720280955e+00,-1.546068865271995200e-15,-1.795245909909445553e-15,-3.390956165244839334e-16,-1.314449697778364111e-15,6.196269113160124098e-16,-1.664880644867506501e-15,-2.754571232668627977e-16,-9.797650363783329272e-16,-1.501835656770126127e-15,2.598080572910184104e-15,-2.577814590519985096e-15,-1.329736474925974113e-15,-7.577325384626146935e-17,9.780875382240927954e-16,-2.831314630660473206e-15,-2.471171324373144341e-15,-1.632787932858738865e-15,1.252896887867772352e-15,-1.101694911000833810e-15,-2.857179592512165901e-15,-3.664962277692962854e-16,-1.381712275973920483e-15,-1.506322740548922836e-15,1.436706145693761291e-16,1.389710584296507598e-15,8.204694224407459001e-16,-2.622631578616812069e-16,8.019847825885167948e-16,2.393392215484820979e-17,2.189443086827705690e-15,2.322489021321467422e-16,1.614783648964658632e-15,-1.512557077284872999e-16,9.032414093052582894e-16,4.314744840496383816e-16,2.382766691136148702e-15,-3.626074844072015474e-16,9.789863328741480777e-16,6.951064584113338439e-16,1.021405182655144491e-14,-4.039914177492175036e-16
0.000000000000000000e+00,-1.723197249219083100e-15,3.642064197606344164e-16,9.004649984565704953e-16,-6.416634141552993727e-15,4.589936228354687484e-16,-9.515370930211432147e-16,1.907736836348665684e-15,-1.546068865271995200e-15,7.308012842575252854e+00,1.082586460168167348e-15,-1.969105543044182015e-16,2.368308768642419928e-15,-2.211271426980108987e-15,-5.061873269228954290e-16,-2.781940839443627295e-15,1.599755804878788516e-15,2.170620629192445500e-15,4.275810046924438352e-15,2.986392372005250860e-15,1.547717837458644191e-15,1.920616664999594374e-15,-1.146671423808665903e-15,-1.832143244745448031e-15,6.854234076906210204e-16,1.486124060362688599e-16,-1.328452538742203153e-15,-4.094871738747133377e-15,3.731983776589782371e-15,6.853594640285822408e-16,-4.975576323554272126e-16,2.872047612222533001e-15,-1.924073159303741452e-15,1.453819722589683107e-15,-6.366338553753660009e-16,-6.697936183588217474e-16,4.224272433435023386e-16,-1.026594005115256771e-15,-9.965379101490669031e-16,-1.402882013994875700e-15,2.739385480684410350e-15,2.189818733702144663e-17,5.202994218556607786e-16,1.432102378365032235e-15,1.270435798995622649e-15,-4.962316569144229064e-16,-2.058122572837107415e-15,8.047042350413211922e-16,-2.220949035686731526e-16,-9.992007221626454223e-16
0.000000000000000000e+00,-1.571455735816466381e-15,4.064296925269474842e-15,-2.196992055624208136e-15,-3.712656428908217016e-15,5.061856141328585024e-15,1.015854846051371272e-17,2.465127502514920851e-15,-1.795245909909445553e-15,1.082586460168167348e-15,6.869219016452372095e+00,4.360889007817077148e-16,-9.187192369717929439e-16,8.306857712984926277e-16,-3.900818565650573205e-15,-3.664529674856681001e-15,-4.895107654746608616e-16,-3.043468810226467617e-16,3.965976704556289513e-16,1.028846669687598413e-15,7.241538186847151986e-16,-8.854092515782780180e-16,9.811885107070538076e-16,-3.475405141341358959e-16,-8.561689816910828510e-16,-2.638064898925334415e-15,-4.996299049299647441e-16,-2.358485361143168549e-16,-1.374850316313360310e-15,1.905576312492432030e-15,3.297009981567300868e-15,1.250485075366572256e-15,-2.180988161116915075e-16,-3.378269439658462149e-16,-1.897499886745583709e-15,-2.292550999907070574e-15,-8.826883566969686153e-17,7.946006328372910076e-16,3.884068523317290557e-15,2.081440360723646257e-15,-1.882713645852835861e-15,3.444702561304689436e-16,2.625832678778877164e-16,7.775359429190598238e-16,-1.402870052008507950e-15,-2.163518287762968965e-16,1.379685368639938558e-16,8.540683032953976059e-16,-2.076930289717833876e-15,4.504725176417245627e-15
0.000000000000000000e+00,9.649082324194193941e-17,-1.268983700082123071e-15,-1.105587946520364582e-15,8.250983059789843175e-16,-6.758863570894667253e-18,-3.428833107210813825e-15,-6.072550759155574395e-15,-3.390956165244839334e-16,-1.969105543044182015e-16,4.360889007817077148e-16,4.629790179084370294e+00,-1.343247433674503599e-15,-2.881395975663353704e-15,-2.874558547689965771e-16,3.401107718459536264e-16,8.856671713117292230e-16,-1.758543411537753534e-15,-2.674693720412013080e-16,1.776922795221759725e-16,-8.113015222485166766e-16,2.687795915725485750e-15,-1.564333419661290635e-16,4.208890710433439934e-15,4.500038259117699870e-16,-1.013234126400380698e-15,-4.997734345602708926e-16,6.400397805432410192e-15,-1.593247934881993688e-15,2.563465799182634580e-15,4.690818792544442710e-17,1.045871934590944283e-15,2.588102517527082314e-15,1.636277894756706639e-15,-2.646155448194843793e-16,1.502910283742384680e-15,2.475479663568407381e-15,-2.066077792825593111e-15,2.429979778106574611e-15,-1.218251306577796937e-15,-4.842361379245938913e-16,5.353602299137280455e-16,-6.925839119304593776e-16,-1.479837894714527594e-15,-9.077373596030169084e-16,-6.377285589511222317e-16,1.426387217462673271e-15,-4.019671447769404118e-15,1.341246556275247179e-15,-2.340714654327661913e-16
0.000000000000000000e+00,6.054568013050168016e-16,-1.404162767123055653e-15,3.274870982231706557e-15,6.417676503840183788e-16,-1.871602863660085593e-15,-5.970420631025113089e-16,-4.917701855071331839e-15,-1.314449697778364111e-15,2.368308768642419928e-15,-9.187192369717929439e-16,-1.343247433674503599e-15,5.966426705874055436e+00,1.403650374501121969e-16,-3.667575092514054371e-15,-5.423662612923886107e-16,2.300539099864449508e-15,1.386501582350573828e-15,-7.301437742297229603e-17,-1.732093162076753574e-15,1.989450921492574379e-15,-6.864822737892897590e-16,6.371108098710741597e-15,-1.532438321851755242e-16,-1.381091503380611345e-16,4.010723912449840679e-16,-8.118161208369528777e-16,-3.306531747125252604e-16,4.263807991754289809e-16,-1.891702558259851616e-15,-1.481398694411692001e-15,-3.578474136886805197e-16,-3.073791176226531964e-15,-1.924025213326345248e-17,1.350005526699762771e-15,1.298751038653860005e-15,3.443524390581704544e-16,-4.967747686458864468e-16,-2.154827789766258497e-15,6.189141049590952777e-16,-2.648511091571884555e-16,1.303911880779768078e-15,-3.754260213172940902e-15,-5.837605429605103178e-16,1.624877211715128707e-16,6.212276493276301533e-16,-7.137612502556189947e-16,-1.039556100315102390e-15,4.716993436881018051e-16,-3.769495058912872679e-15
0.000000000000000000e+00,-1.146510202932482076e-15,-1.783064731622112851e-16,5.181699785426858757e-15,-2.400627696265586651e-15,-1.209927979997354051e-16,-1.083572115818632898e-15,-3.104942058864888663e-15,6.196269113160124098e-16,-2.211271426980108987e-15,8.306857712984926277e-16,-2.881395975663353704e-15,1.403650374501121969e-16,6.982918447705987575e+00,1.563385559983181840e-15,2.103246450037839545e-15,-3.393247908351180965e-15,6.539181538720266855e-15,-1.702221055846480771e-15,2.228382134290228853e-15,-1.812815045480805837e-15,7.653272211363155008e-15,-2.778775194538126121e-15,7.259950982095106280e-16,8.631820005192555533e-16,-2.205921911039585021e-16,5.319271895445684478e-17,-1.257200013840698686e-15,9.347587347547548381e-16,-5.616549611795916591e-16,1.165026961967271458e-15,-2.573218206822372386e-15,-9.236941379152671010e-16,-4.370284317600151513e-16,-2.707074892923526733e-15,-5.114054206467639242e-18,6.458276557733386003e-16,-4.354633462846050490e-15,-1.145389389917136642e-15,1.470183506000910581e-15,-1.887513996283601972e-15,-6.120479200352589621e-16,-8.781053706358423305e-16,6.461102260303410102e-16,1.349729118355148991e-15,5.962127968981838018e-16,-5.786999338771263434e-16,2.548787385389992937e-15,-5.462315173885136864e-15,2.352766959501255239e-15
0.000000000000000000e+00,3.934729996670594940e-16,-1.288205113018284942e-15,-1.035254997776467839e-15,1.612878874454245215e-15,-3.472447186602694253e-16,2.840173492346509680e-15,-2.884706140339529673e-16,-1.664880644867506501e-15,-5.061873269228954290e-16,-3.900818565650573205e-15,-2.874558547689965771e-16,-3.667575092514054371e-15,1.563385559983181840e-15,5.642292973613383111e+00,-1.199546460722352618e-15,2.097810341464420481e-15,-1.109681537896963719e-15,4.987898268066829664e-16,-2.676107579179202510e-16,-1.308775146457030653e-15,3.544901956386028333e-15,-1.527595761995059391e-15,-1.120974591737177531e-15,-3.397455647593951938e-15,1.312295060565321141e-15,2.714308325572479937e-15,5.340759703924269715e-16,-2.557635543021323755e-15,-2.518459137219725967e-16,3.650996375873581338e-16,1.181837766546548689e-15,-1.010711602632502123e-15,-7.908283012742969988e-16,-1.505284161937270330e-14,5.251545639631330890e-16,-1.627122182763416140e-15,7.444798611883279840e-16,-1.047601714549742246e-15,3.051734262686810262e-16,-1.919500115680948786e-15,-1.901999813498234871e-16,-7.080508737866594295e-16,1.588634944849160563e-15,-5.529480286385399907e-15,-6.874742810604938183e-17,2.200302555379952303e-15,-1.151446041086945535e-16,1.556771657160706733e-15,3.175177206941149108e-16
0.000000000000000000e+00,-1.694959143541385725e-15,-1.319668098472609242e-15,-5.674522353656506106e-16,-2.622340762057126575e-15,-5.666760301563984341e-15,1.395937437300630421e-15,1.671297837071806652e-15,-2.754571232668627977e-16,-2.781940839443627295e-15,-3.664529674856681001e-15,3.401107718459536264e-16,-5.423662612923886107e-16,2.103246450037839545e-15,-1.199546460722352618e-15,5.905840534321873392e+00,1.055070770724137692e-15,-7.898350323517187165e-17,2.226748015742184111e-15,2.440936116829103470e-15,2.072230542852790085e-15,1.279630048193116699e-15,-9.842954006215656742e-16,-8.604106392773975887e-16,-2.400899992583810580e-15,3.330728387083718478e-16,1.383291141831526401e-15,-9.190800065528759819e-16,-5.478778152735233582e-16,-3.715070682964512573e-16,1.178632121499185183e-15,2.678743033698020441e-16,8.393780453283038923e-16,4.265383558699036677e-16,-2.924160159343513151e-16,-8.649893115110472926e-16,1.212514066828494689e-15,-1.080162508870075249e-17,1.955739042938936140e-16,-1.651240698124662919e-15,-5.868476271310896846e-16,-6.189906127607811592e-16,-3.926935832209643403e-15,1.675381642212635446e-15,2.211098313038203000e-15,-2.010879841618705184e-15,1.505836374412362220e-15,8.803046512895401511e-16,-6.574995728992991176e-16,-1.111993709381413215e-15
0.000000000000000000e+00,2.847956259657789371e-17,2.881080291428488571e-16,-1.141342224233554693e-15,1.036144651595624280e-15,1.386526841807945785e-16,4.618853744122901866e-16,7.836017499184480855e-16,-9.797650363783329272e-16,1.599755804878788516e-15,-4.895107654746608616e-16,8.856671713117292230e-16,2.300539099864449508e-15,-3.393247908351180965e-15,2.097810341464420481e-15,1.055070770724137692e-15,3.804214656524547156e+00,-2.043143844994406584e-15,1.694017894840868856e-15,-1.733072830304093514e-15,3.897341497449721818e-16,9.710327810552649678e-16,-6.875376300178412318e-16,-5.572072318677071205e-16,-5.065183956896258399e-16,-1.211149963454994593e-15,-3.271983160464607019e-16,6.427514432400087002e-16,1.706946554577366673e-15,2.497952150391526558e-16,4.135326789578999503e-16,2.148760124674510873e-16,2.524977781990920710e-15,1.784532637425936756e-15,-1.722104837023248495e-16,1.741093210209512455e-15,-3.780154422587677743e-16,-9.303953830122303465e-17,3.218398099351720190e-17,7.867217101516521784e-16,6.816696893408435039e-18,3.453617412318543623e-16,-6.797167190418741253e-16,1.719388432331670105e-15,-1.546192831775536047e-15,2.733706458713146044e-15,7.566460874286867701e-16,-1.186465876917384887e-15,1.708674971358728410e-15,-1.032987726156394124e-16
0.000000000000000000e+00,3.905848231651498623e-16,-1.534371016947275473e-15,9.508000665289569696e-16,-5.516149268233882865e-16,1.372614057901048692e-15,-4.411851740179030182e-15,-5.472703932186930734e-15,-1.501835656770126127e-15,2.170620629192445500e-15,-3.043468810226467617e-16,-1.758543411537753534e-15,1.386501582350573828e-15,6.539181538720266855e-15,-1.109681537896963719e-15,-7.898350323517187165e-17,-2.043143844994406584e-15,7.704300121428803827e+00,-1.187830354194506112e-15,6.581016519729850866e-16,2.479764622594870230e-15,-6.752325735718659178e-15,1.615780061760636948e-15,1.982378597443326197e-15,2.386387165491434537e-15,1.029154341321453025e-15,-1.171287860147097452e-15,8.799550450078627831e-16,8.403091837773737844e-17,-6.389103763275255951e-16,-1.754819815865767812e-16,-1.563862626155095749e-15,7.502649327252119854e-16,4.597249735266796264e-15,2.482745409490513988e-16,-3.345829040194979350e-16,-1.000560074880338693e-15,1.920930036479375537e-15,1.963619389992638998e-15,1.007603466066955882e-15,-2.816071152948265144e-17,-2.666737050951706211e-16,-7.038699640414139388e-16,-1.955467759846701657e-15,-1.131461882679706365e-15,-6.063628270116733467e-16,5.615462427971121436e-16,-1.157865747408428153e-14,4.625955457597274008e-15,-1.018132395751481128e-15
0.000000000000000000e+00,-1.439886811057864442e-15,1.189127147943479436e-15,-1.303259252055076471e-15,3.403933557915992610e-15,-1.469737336417520117e-15,-1.911854746475653887e-15,-4.822850754486381862e-15,2.598080572910184104e-15,4.275810046924438352e-15,3.965976704556289513e-16,-2.674693720412013080e-16,-7.301437742297229603e-17,-1.702221055846480771e-15,4.987898268066829664e-16,2.226748015742184111e-15,1.694017894840868856e-15,-1.187830354194506112e-15,6.225615793720285396e+00,-1.128189259099077146e-16,-6.560452486985937296e-16,-3.571523654653895891e-16,-2.459234546641588677e-16,3.821465278778356802e-15,-2.064599497521293480e-15,6.345517546396727007e-16,6.664172325471058381e-16,-1.026712993509529683e-15,1.474549468433769887e-15,4.863153620249190005e-16,3.347036325217730858e-17,1.294959649104101968e-16,-8.919716439019417855e-16,-3.251222670254863521e-15,-1.306706808285999381e-15,-6.027773597368362851e-16,7.108319524632854265e-16,-2.636783094359482078e-15,-8.108623566224566293e-16,-9.064369690908711571e-17,4.738888618446701746e-16,-4.026172071424469533e-17,-1.152536934715487797e-15,-2.353891625341067147e-16,1.966371684377261895e-15,1.373394883822622857e-15,-1.717741624661454313e-15,-1.076574162183573591e-15,-5.995204332975835063e-15,3.416245658902058992e-16
0.000000000000000000e+00,4.166111135457259239e-15,-1.535419293515228426e-15,4.293088661132326955e-16,1.922231798092077334e-15,3.244025160585614111e-15,-2.539394123325020790e-15,4.917171587358858483e-16,-2.577814590519985096e-15,2.986392372005250860e-15,1.028846669687598413e-15,1.776922795221759725e-16,-1.732093162076753574e-15,2.228382134290228853e-15,-2.676107579179202510e-16,2.440936116829103470e-15,-1.733072830304093514e-15,6.581016519729850866e-16,-1.128189259099077146e-16,7.308012842575236867e+00,-4.324501055776689368e-17,2.715424343240725660e-15,-8.468099861976020353e-16,-1.464277494428386319e-15,1.883154339508659020e-15,-1.163983431044997342e-15,7.505342002803215481e-16,-3.178586928815668831e-16,1.407634113771993646e-15,1.360049791892891582e-16,-8.913196167490201222e-16,-3.511168041912099611e-16,1.586922472361836048e-15,-1.027822784986435632e-15,1.284488370884152828e-16,4.236233078665045940e-16,4.503897608842320703e-16,9.291160296108469516e-16,-2.419575444234892284e-15,5.641949479948074215e-15,2.201160628347753259e-15,9.264024144592021109e-16,-2.380555180437555361e-15,-1.179078221352016623e-15,2.052059240248269711e-15,-4.414109094854898718e-16,-6.021237375277008781e-16,-2.235532835389301124e-16,2.334937058515047216e-15,3.441691376337931238e-15
0.000000000000000000e+00,1.033067004765559008e-15,-1.114517410508366902e-15,1.974812183100874797e-15,3.572189651964583375e-15,1.228935976853911423e-15,6.740659504758870122e-16,1.024591596356567869e-15,-1.329736474925974113e-15,1.547717837458644191e-15,7.241538186847151986e-16,-8.113015222485166766e-16,1.989450921492574379e-15,-1.812815045480805837e-15,-1.308775146457030653e-15,2.072230542852790085e-15,3.897341497449721818e-16,2.479764622594870230e-15,-6.560452486985937296e-16,-4.324501055776689368e-17,6.869219016452360549e+00,-1.943557623110450008e-16,-1.701819848906255142e-15,-1.465308251684992162e-15,-4.193860192337426948e-16,2.088677220717922153e-15,1.324296848599288339e-15,-1.701733748858625220e-15,1.543513835861276570e-15,-3.098676425888450598e-15,-1.305844227275475161e-15,-2.702835146058413929e-16,5.425070936487480704e-16,-2.688508549145931006e-16,2.660877907008214588e-15,-2.911115915076832099e-16,1.310455868627540342e-15,-1.439279591060804791e-15,-2.353256950828137178e-17,1.079892099904523472e-15,1.826233094623019871e-15,-3.833871068501296631e-16,-1.266721005747624797e-15,-1.550701163449649761e-16,-8.691305929025441222e-18,-8.021657091358694977e-16,-4.077391273448287963e-16,7.614157864514771703e-16,2.634358932525131994e-16,-2.843761513361188021e-15
0.000000000000000000e+00,8.672116650427494972e-16,2.735998775721241989e-17,-3.667792211532155512e-16,1.376021507518546069e-15,6.148687968434745446e-16,-1.163230169671309261e-16,1.386724697075773011e-15,-7.577325384626146935e-17,1.920616664999594374e-15,-8.854092515782780180e-16,2.687795915725485750e-15,-6.864822737892897590e-16,7.653272211363155008e-15,3.544901956386028333e-15,1.279630048193116699e-15,9.710327810552649678e-16,-6.752325735718659178e-15,-3.571523654653895891e-16,2.715424343240725660e-15,-1.943557623110450008e-16,4.629790179084362300e+00,-2.734399198100104700e-16,8.607886332088946476e-16,1.067339611940965609e-15,-5.806702372572531850e-16,5.076125087893708849e-16,2.530834737018383932e-15,-9.833301263730194296e-16,9.083450655281032876e-16,-8.283202194174030266e-16,5.316191011697955381e-16,1.272979665152346682e-15,3.964486707376560680e-15,-6.255463614382336926e-16,6.387809575668776786e-16,-5.748068170177485937e-17,-3.044775189726088289e-16,1.185285485054744829e-16,-3.500129348896451099e-15,-1.136532433472413116e-16,-8.002317233572955249e-18,8.151284610208894759e-17,-1.060121783689713112e-15,-6.931019741463972811e-17,-1.592899475118787715e-16,1.031703232140328328e-15,-4.355175722193895425e-15,2.693952428640294474e-16,-1.938638656775685792e-15
0.000000000000000000e+00,-2.553520170870159131e-16,1.766629410105005060e-15,-8.926009081353288351e-16,-7.214638650099116301e-16,9.757249837599022966e-17,4.963611065710220559e-16,-3.076502389098189360e-15,9.780875382240927954e-16,-1.146671423808665903e-15,9.811885107070538076e-16,-1.564333419661290635e-16,6.371108098710741597e-15,-2.778775194538126121e-15,-1.527595761995059391e-15,-9.842954006215656742e-16,-6.875376300178412318e-16,1.615780061760636948e-15,-2.459234546641588677e-16,-8.468099861976020353e-16,-1.701819848906255142e-15,-2.734399198100104700e-16,5.966426705874065206e+00,2.602261622489474732e-16,-1.213017219201351939e-15,-2.375701930113534416e-16,8.669999783930802690e-16,3.843580676612678462e-17,1.223252191206492258e-15,-2.303432668148158444e-16,2.094152658481085634e-15,4.866566676369882102e-17,-1.545195909609560089e-15,2.613830852043944482e-15,7.968415836274502195e-16,-4.667586377501677161e-15,-2.377582546499221591e-17,1.162667986499769914e-15,4.289581950542905931e-16,4.006385637147431440e-16,2.412362854848985098e-15,2.376709082945913474e-16,3.918398007733890054e-15,6.845041143137771249e-16,-6.783552507217497567e-16,1.989800577233454159e-15,-9.579193896579091912e-16,1.379153878626046117e-15,-5.948494897146481408e-17,2.229862468181176914e-15
0.000000000000000000e+00,8.948438647043132945e-16,8.704894582717897281e-16,6.315060482816427315e-16,4.605709403731193516e-15,-2.319478477468224143e-15,-1.038428946494407831e-15,-1.540610655327219979e-15,-2.831314630660473206e-15,-1.832143244745448031e-15,-3.475405141341358959e-16,4.208890710433439934e-15,-1.532438321851755242e-16,7.259950982095106280e-16,-1.120974591737177531e-15,-8.604106392773975887e-16,-5.572072318677071205e-16,1.982378597443326197e-15,3.821465278778356802e-15,-1.464277494428386319e-15,-1.465308251684992162e-15,8.607886332088946476e-16,2.602261622489474732e-16,6.982918447705996456e+00,-2.628824368384799004e-15,-2.162642043328180495e-15,-9.282535741952823927e-16,2.136528545896263820e-15,7.195211048056053489e-16,9.430071865680338369e-16,-5.669805262016577153e-16,1.160388879739829051e-15,1.624268421124961950e-15,-1.414589339584109866e-15,-8.620261506555510348e-17,1.825569137779710709e-15,-4.610589255241327321e-16,6.873263990161381277e-16,2.417593041959153561e-15,-8.515518376208353144e-16,6.971084855269616269e-16,-6.041469000727344365e-17,-2.159646246671191988e-17,5.148285759218371231e-15,2.792024557888799490e-15,4.959306525874162754e-16,-2.206142501396080211e-15,3.089868195341261804e-15,-1.967262671034598822e-15,1.325166369531624051e-16
0.000000000000000000e+00,-2.061707559162717801e-15,3.981857007030562608e-16,-1.286007875552772343e-15,-1.150805257076138847e-15,-5.724916965552501712e-16,-3.804643079668672966e-16,4.796512101344241003e-15,-2.471171324373144341e-15,6.854234076906210204e-16,-8.561689816910828510e-16,4.500038259117699870e-16,-1.381091503380611345e-16,8.631820005192555533e-16,-3.397455647593951938e-15,-2.400899992583810580e-15,-5.065183956896258399e-16,2.386387165491434537e-15,-2.064599497521293480e-15,1.883154339508659020e-15,-4.193860192337426948e-16,1.067339611940965609e-15,-1.213017219201351939e-15,-2.628824368384799004e-15,5.642292973613376006e+00,-8.432986718154206481e-16,-1.346767565111666649e-15,1.725717114454521314e-15,2.241248227664771553e-15,-4.186241175547055657e-16,1.312479627795687400e-16,-5.035356524208277379e-16,-2.131045034021775493e-16,-1.843767847241085570e-15,5.462456915704050254e-15,1.572600952870413366e-16,1.763349964863603143e-15,6.200075828917396800e-16,4.250186696165858368e-16,9.905073906366670288e-16,7.822408841926048125e-16,6.341612370371448723e-19,-6.554868404195283402e-20,-2.322182679343206351e-15,2.584788583932202019e-15,1.496281713547974118e-15,-1.167258449999817420e-15,2.299001375628507900e-17,-2.284787505052141193e-15,1.060753859551197334e-15
0.000000000000000000e+00,3.545896722502200321e-16,-2.597164248024064267e-16,1.254755926916697161e-15,-1.156284559932929758e-15,1.937245355237512728e-16,2.323338298729821292e-18,1.064053109110312057e-15,-1.632787932858738865e-15,1.486124060362688599e-16,-2.638064898925334415e-15,-1.013234126400380698e-15,4.010723912449840679e-16,-2.205921911039585021e-16,1.312295060565321141e-15,3.330728387083718478e-16,-1.211149963454994593e-15,1.029154341321453025e-15,6.345517546396727007e-16,-1.163983431044997342e-15,2.088677220717922153e-15,-5.806702372572531850e-16,-2.375701930113534416e-16,-2.162642043328180495e-15,-8.432986718154206481e-16,5.905840534321885826e+00,-9.496855287202795393e-16,-1.450198534993617174e-15,2.152690774952451151e-15,-1.831834010407556404e-15,-1.006893580259445332e-15,-7.856799698942201469e-16,-1.047365260840423578e-15,-2.060955979875577407e-16,5.127532664561820338e-15,-5.823069424753149133e-15,-9.556653967130832885e-16,9.618739772527420630e-16,-5.074747610643918474e-16,9.399510444894076378e-16,1.028822747290743916e-15,-1.391026560753414695e-15,-6.721965457653409068e-17,7.856200508961148529e-16,1.393101758226013911e-15,3.606550480876658081e-15,-5.339804193476419831e-16,-1.637419777416960982e-16,-5.896329300170391426e-16,-4.206090659650525110e-16
0.000000000000000000e+00,-3.565489878986079744e-15,5.701279302830911323e-15,-9.230809064959925055e-15,1.899026029561454020e-15,-9.878187891213347424e-16,1.255211246392250466e-15,-4.630910734781452211e-16,1.252896887867772352e-15,-1.328452538742203153e-15,-4.996299049299647441e-16,-4.997734345602708926e-16,-8.118161208369528777e-16,5.319271895445684478e-17,2.714308325572479937e-15,1.383291141831526401e-15,-3.271983160464607019e-16,-1.171287860147097452e-15,6.664172325471058381e-16,7.505342002803215481e-16,1.324296848599288339e-15,5.076125087893708849e-16,8.669999783930802690e-16,-9.282535741952823927e-16,-1.346767565111666649e-15,-9.496855287202795393e-16,3.804214656524532501e+00,-3.737938910009061696e-16,-1.435609495936998889e-15,9.075112787296030105e-16,2.681662382242290817e-15,-1.171038663639162861e-16,2.450617156806046250e-15,3.394553157469351700e-16,-3.220237194107346845e-15,1.536609856371957267e-16,-2.599402695751971701e-15,5.929222557712677953e-16,-7.301704841936222429e-16,1.633202680723929472e-15,1.097576697395069452e-15,-3.096802437575380005e-16,5.462542140294270382e-16,-4.501135554133047211e-16,-1.337544729833100080e-15,-1.115533606816024410e-15,4.134179310288573784e-15,1.145366370448228770e-15,7.248294270373004310e-16,-2.486640026890085592e-16
0.000000000000000000e+00,2.869724081486716127e-16,-6.358269902587673501e-16,2.837363052006542421e-16,3.121159299743052467e-16,-6.626520030579350532e-16,1.365530620319541926e-16,3.925893433710308417e-15,-1.101694911000833810e-15,-4.094871738747133377e-15,-2.358485361143168549e-16,6.400397805432410192e-15,-3.306531747125252604e-16,-1.257200013840698686e-15,5.340759703924269715e-16,-9.190800065528759819e-16,6.427514432400087002e-16,8.799550450078627831e-16,-1.026712993509529683e-15,-3.178586928815668831e-16,-1.701733748858625220e-15,2.530834737018383932e-15,3.843580676612678462e-17,2.136528545896263820e-15,1.725717114454521314e-15,-1.450198534993617174e-15,-3.737938910009061696e-16,7.704300121428798498e+00,-5.434485963544874568e-18,7.953909575932828200e-16,-3.057843367240779706e-15,2.168466720997974235e-15,5.604926349021930029e-15,3.853750484132326828e-16,-2.207895911118571030e-15,2.474783753444176246e-15,4.150267082452977995e-16,2.981322889826851706e-15,1.183052599188031673e-15,-1.349691060454493931e-16,-2.797111032139920908e-15,2.031343325961925335e-15,-5.954029385674363217e-16,-1.397935185686191123e-15,1.581817465584705081e-15,-1.270486574512182702e-15,1.318879468178609451e-15,-1.272379846643843153e-15,5.083010079631570128e-16,9.042199027751723801e-16
0.000000000000000000e+00,-2.760856526907644241e-16,-9.892889520897721537e-16,8.944778984277459328e-17,-9.381184793308189819e-16,1.336038036156676642e-15,-1.524217536079354196e-15,3.789162435320668586e-15,-2.857179592512165901e-15,3.731983776589782371e-15,-1.374850316313360310e-15,-1.593247934881993688e-15,4.263807991754289809e-16,9.347587347547548381e-16,-2.557635543021323755e-15,-5.478778152735233582e-16,1.706946554577366673e-15,8.403091837773737844e-17,1.474549468433769887e-15,1.407634113771993646e-15,1.543513835861276570e-15,-9.833301263730194296e-16,1.223252191206492258e-15,7.195211048056053489e-16,2.241248227664771553e-15,2.152690774952451151e-15,-1.435609495936998889e-15,-5.434485963544874568e-18,6.225615793720286284e+00,-3.982213750834058485e-15,-1.562700062087907267e-15,-2.360093281933143741e-15,-1.005124884739575281e-15,-2.172262620983174940e-15,1.631003051550922943e-15,-2.930173823691929528e-15,1.124053864157255445e-15,-4.208116611391866627e-16,4.351974865273047148e-15,-1.081677541746408184e-15,3.116303968462238972e-15,1.450445164725707358e-15,-1.595087829253359174e-15,-5.227949636723249437e-15,-4.634712206638855105e-16,-1.478247569455550640e-15,-1.160145605500901560e-15,-1.343573509862994994e-15,4.440892098500534950e-16,-2.461792589057431165e-15
0.000000000000000000e+00,2.398970342816885374e-15,-3.129320957101907715e-16,-2.496555006898964703e-15,-2.626046240668163639e-15,-1.798953955209106074e-16,-7.455367215021352100e-16,5.560303581344527421e-16,-3.664962277692962854e-16,6.853594640285822408e-16,1.905576312492432030e-15,2.563465799182634580e-15,-1.891702558259851616e-15,-5.616549611795916591e-16,-2.518459137219725967e-16,-3.715070682964512573e-16,2.497952150391526558e-16,-6.389103763275255951e-16,4.863153620249190005e-16,1.360049791892891582e-16,-3.098676425888450598e-15,9.083450655281032876e-16,-2.303432668148158444e-16,9.430071865680338369e-16,-4.186241175547055657e-16,-1.831834010407556404e-15,9.075112787296030105e-16,7.953909575932828200e-16,-3.982213750834058485e-15,7.308012842575255519e+00,3.453143683211801094e-15,-9.925333463400155046e-16,1.892936674929212017e-16,8.106524410474710291e-16,-3.037365711289244719e-15,1.235401394111572486e-15,4.794570776059512559e-16,-1.417665119565208328e-16,2.910187620484882129e-15,-4.988130644883322682e-15,3.887129280533792049e-15,-1.484272969794428582e-15,-2.592991128464620939e-16,-6.218643437225118641e-16,-3.329198499689682251e-15,-2.838680238067523068e-16,-3.308212445773221070e-16,-4.485707387531607068e-17,-5.570332742653605648e-16,3.330669073875531152e-15
0.000000000000000000e+00,-1.208537628662888205e-16,-1.622639158607048966e-15,1.551258902023992344e-15,-1.930484730752548553e-15,-1.412971072163114353e-15,-1.328615150301390588e-15,-2.307023003202456592e-15,-1.381712275973920483e-15,-4.975576323554272126e-16,3.297009981567300868e-15,4.690818792544442710e-17,-1.481398694411692001e-15,1.165026961967271458e-15,3.650996375873581338e-16,1.178632121499185183e-15,4.135326789578999503e-16,-1.754819815865767812e-16,3.347036325217730858e-17,-8.913196167490201222e-16,-1.305844227275475161e-15,-8.283202194174030266e-16,2.094152658481085634e-15,-5.669805262016577153e-16,1.312479627795687400e-16,-1.006893580259445332e-15,2.681662382242290817e-15,-3.057843367240779706e-15,-1.562700062087907267e-15,3.453143683211801094e-15,6.869219016452356108e+00,-8.253839023895271307e-16,2.953437012472392896e-16,-3.149176187946390574e-16,-9.415910792466958021e-16,-3.504273192268216949e-16,-1.981154171535690360e-16,4.663454861258084434e-16,-6.474480537143730246e-16,2.033176634254155138e-15,-8.586481784845025190e-18,2.154881769112153197e-17,2.615658263585363550e-16,-6.605190814719805287e-16,-3.486414934928987022e-16,5.182950913929653183e-16,-1.202984318363488416e-15,-1.103453995857657745e-15,6.341817489352450147e-16,1.144119095988041684e-15
