2.648071163242990522e+00,-5.577092453828423890e-01,2.944398179447129648e-08,-7.608046684252347617e-08,-1.557798187991028046e-07,9.988711356851036517e-09,-1.438401929401276758e-01,-2.001325109531538460e-07,3.740808409144995295e-02,9.500566156772723260e-08,-6.138114986202277690e-01,-1.939562578111705827e-10,6.532704374418159814e-08,1.235849829397152481e-08,-3.679222419592297715e-07,-1.865694950205621858e-02,-1.153500177478144172e-02,-2.642975779820590545e-07,5.187659528773817808e-02,7.464698315724376331e-08,-4.130264366796114195e-01,3.086380709621081864e-08,8.208114405529857756e-09,-3.488391993651641931e-02,-4.872796691756014941e-07,-2.673039648603310614e-02,-5.220492272718028903e-02,-2.097635948528198576e-07,3.752874306173748474e-03,7.583163970660129137e-08,-3.891739226224921744e-01,1.218576286963397563e-07,1.989566907203443868e-02,-4.660822193648104378e-02,-4.673825808159676256e-07,-2.903195873510671515e-02,-8.655765581662307195e-02,-2.234709767815715101e-07,5.895740052066341524e-02,8.579658206778268963e-08,-5.291850275648976032e-01,2.095322404895143661e-07,7.430009822571978506e-02,-4.348915884861057762e-02,-2.479559137065166952e-07,-4.047108698724576070e-02,-8.732682648099238110e-02,7.670716535393056790e-07,5.985969963665228183e-02,1.017332610843650198e-07
-5.577092453828423890e-01,2.514920227281557619e+00,2.589431504373921765e-08,2.373803439255418868e-02,-1.370450816460949442e-07,8.124076327337252172e-09,-1.905519414713178671e-08,1.113611112796127761e-01,1.694654968577910416e-08,1.019647199870566262e-01,-5.718659878642982311e-08,-5.264962035172142674e-01,5.575253151939691311e-08,1.603918052017228339e-08,-2.843588038750917992e-07,-2.355575192629412412e-08,-7.328764190693212181e-08,-2.405355835665058261e-07,3.725665936744524289e-08,4.099634345596400175e-08,-9.695791259718375673e-08,-3.212519383839407827e-01,3.188538691913774567e-09,-1.212728380621137976e-08,-3.608841538147012396e-07,-1.637564913577578269e-08,-1.498828262830532550e-08,-1.838282157007099469e-07,2.961598497409573449e-08,4.402150488112810401e-08,-4.481438922992333654e-08,-2.997912089189141982e-01,4.948215645560233586e-08,7.701409973282860910e-09,-3.519322422019934115e-07,-3.137765225875754457e-09,-1.986834122556660015e-08,-1.909222068389620733e-07,8.375703895218900960e-09,4.443158900532235313e-08,-7.995139412867278625e-03,-4.738781610863495586e-01,-2.421352606111943454e-08,1.258787481156189195e-08,-2.069681112134622386e-07,1.039492717642343818e-08,-1.178532915045127088e-08,4.618386481321497170e-07,-1.736137071681255700e-09,4.435361143656911211e-08
2.944398179447129648e-08,2.589431504373921765e-08,3.049433042727777377e+00,1.576066562027468865e-01,1.689438019819589430e-07,4.258889871626635459e-01,3.750449088891136977e-09,1.340039837648640723e-08,-2.756768258365894786e-01,-1.042128928967565475e-07,2.777464159072593960e-02,-1.013322997326008075e-09,-4.808155062133681601e-01,-1.865084842073459896e-07,-4.855125496467342129e-03,2.965496455640458714e-03,2.385213957697978749e-08,-1.632106411119505905e-08,-4.020325662773718139e-02,-8.555645827281058066e-08,2.053394798983929764e-02,-1.311449365833203665e-08,-3.763683177315174100e-01,-1.155384424359855271e-07,1.354545653367249792e-07,-1.354840721757946147e-07,1.233512970972711222e-08,-2.966611483541553539e-08,1.534242641490106773e-09,-8.510749871939569875e-08,1.435223043758950684e-02,-4.154044980913281629e-08,-3.498477159771095635e-01,-1.694925224820141117e-07,-9.213865240668150242e-03,7.090296000132741312e-03,1.832971940538349582e-08,-2.791341920519825228e-08,-1.774005856548443658e-03,-8.669564627499746242e-08,5.411642047520200810e-02,-3.858770162034430733e-08,-2.896451281111403486e-01,-7.467032136383756893e-08,-2.863359728650580888e-02,-2.431520319925884247e-07,6.878203253036318526e-09,-3.055302771528971323e-07,-3.327394875450152834e-02,-9.274777736007696445e-08
-7.608046684252347617e-08,2.373803439255418868e-02,1.576066562027468865e-01,2.184148443185367494e+00,3.666555340783175809e-08,1.385109738912153736e-07,-1.564957477212582782e-08,-3.133586104724254140e-01,1.475571741621007314e-02,4.599670209435646320e-07,-6.953583632662939950e-08,-1.076856222775455595e-07,-1.678491035905664448e-07,-4.527749192497278474e-01,-6.710888245470489282e-09,-3.126434349545990921e-02,-2.909708808266937408e-08,3.993514219591647096e-07,7.603882575860613270e-08,2.862163314602657489e-07,-3.442913493996208746e-02,-8.711063909845020837e-08,-1.116363729455759868e-07,-3.009273455661067853e-01,-2.671899383576750863e-08,-2.905523436459935341e-02,-2.065761796063878864e-08,3.059404869446276745e-07,3.740038885635448726e-08,2.890188680667781185e-07,-5.026184783013903923e-02,-7.237747225950634938e-08,-9.709345363838931355e-08,-2.430623395250133267e-01,-1.467404353308507073e-08,-3.751469713782069372e-03,-2.319872339383795375e-08,2.660647678261022559e-07,4.575347171494046273e-08,3.142000268197988621e-07,-1.881460842259183655e-02,-6.474109867793194675e-08,-1.363528332674756735e-07,-2.391260457064116052e-01,3.619613743699446452e-08,-3.636668290793077657e-02,-1.487325972375738188e-08,6.341044315938646195e-07,2.423590151790021109e-08,3.381787235826789420e-07
-1.557798187991028046e-07,-1.370450816460949442e-07,1.689438019819589430e-07,3.666555340783175809e-08,2.688285971125308649e+00,3.081818261444592699e-01,1.711422783085414789e-01,4.544761754037122466e-08,-2.178305790576573756e-08,2.101069658283398189e-09,-1.733444372279170486e-07,-1.566813793844147034e-07,-1.139474459377748002e-07,-8.861499828718947787e-09,-5.339255375659051062e-01,-1.013648308651066320e-07,1.920435904930656183e-08,5.471180942818635403e-08,-8.806606887912173027e-10,-5.281798227770539977e-02,-1.788411589574384217e-07,-1.776281785338137337e-07,-1.391679686949304912e-02,-4.410869849883463945e-09,-4.042938260377509918e-01,-6.667843429381953911e-08,2.734711477413784428e-08,1.608258716339783022e-08,3.076127593263940983e-09,-2.526270488863804203e-02,-1.981328218690050917e-07,-1.961220156790348568e-07,-1.689630312491521499e-02,-1.400334167294816926e-08,-3.695694658001408839e-01,-5.917004616262938740e-08,1.505017606337183101e-08,3.433146104801668598e-08,-1.683234896179162069e-09,-5.074556208793979534e-02,-1.630238402377389275e-07,-1.834329103014532985e-07,-1.628804202356895492e-02,1.051909685540114036e-08,-3.862525606624611085e-01,-5.546787161624323605e-08,-4.649511042633330396e-09,-1.332360942411161998e-07,8.105019688451738194e-09,-8.301179661597173076e-02
9.988711356851036517e-09,8.124076327337252172e-09,4.258889871626635459e-01,1.385109738912153736e-07,3.081818261444592699e-01,2.787519033240628552e+00,-2.624309456822973556e-08,-4.361541563608893449e-08,5.496705403980304411e-02,7.311651246560091731e-08,5.943203627540473978e-08,4.084847551702579958e-08,1.790359121894341543e-02,-1.350289117398455890e-02,-1.984005798619271604e-07,-5.276228394141727618e-01,-2.492531992602221624e-08,-3.912159703282233325e-08,1.435672156425027088e-02,6.400160020459780195e-08,-2.893247812783352173e-03,6.105048675017878968e-08,7.848232150022128525e-03,-5.309769851430553005e-04,-1.876022900368473968e-07,-4.479716145253894721e-01,-1.659862744215662029e-08,-1.578451784057065194e-08,5.452167766387939660e-09,6.238831167990989816e-08,-4.252811370330377566e-02,9.873974432434611477e-08,-6.527389404748317678e-08,-4.249939082775951171e-02,-1.827831712319929949e-07,-3.858821589481455927e-01,-1.334994847743629519e-08,-1.550253714634993695e-08,6.436290822603949104e-09,6.724289101765366580e-08,-6.767005274342634269e-02,8.051500598319928538e-08,-3.431801619980247574e-07,-1.538395299436112230e-02,-1.179323512177421966e-07,-3.733006468119253185e-01,-1.165194393805733196e-09,3.258373423423263055e-07,1.363773878911872517e-02,7.279982011833191780e-08
-1.438401929401276758e-01,-1.905519414713178671e-08,3.750449088891136977e-09,-1.564957477212582782e-08,1.711422783085414789e-01,-2.624309456822973556e-08,2.594544296947884465e+00,-4.511312410645064878e-08,7.645275217314083026e-09,5.233887702454977447e-08,-3.030558176217256622e-02,-4.163161739017678583e-08,3.113057767173303024e-08,9.883989753503634564e-09,-4.703328033705226187e-08,-2.311496783565442438e-08,-4.673190826795947661e-01,-5.492828383449118993e-08,1.714412381237955952e-08,4.932615680179158532e-08,-6.350099213983108337e-02,9.993080276560425844e-09,9.144670073293710489e-09,4.493178495618291869e-09,-6.176913408035896709e-08,-2.305595003699063231e-08,-2.344836017881115897e-01,-3.981934047900403691e-08,1.163423428268186419e-08,4.990907815431952197e-08,-6.312824540628274306e-02,2.717667505092934957e-08,2.717300776861298936e-08,1.208962910025094868e-08,-6.615849792277248156e-08,-1.607957828283937583e-08,-1.696651191901860367e-01,-4.607189388637098327e-08,1.904155724616961248e-09,5.122540220869078595e-08,-6.470733082900219368e-02,-1.488376571315102453e-02,-8.074345984926457585e-09,1.003508849161462226e-08,-2.501945303574103435e-08,-9.489633364694670713e-09,-1.582089473093445664e-01,2.227890241901037651e-07,-3.596906862650937893e-09,5.731879037425037506e-08
-2.001325109531538460e-07,1.113611112796127761e-01,1.340039837648640723e-08,-3.133586104724254140e-01,4.544761754037122466e-08,-4.361541563608893449e-08,-4.511312410645064878e-08,3.204745490220425985e+00,5.093351392822186087e-08,-2.886377795531933632e-01,-2.173580104190657553e-07,-1.822593939786820510e-07,1.572911060870421672e-08,-6.604629801215677019e-03,5.345871676183231639e-08,-5.366029480943500743e-08,-4.732729518980350904e-08,-4.644856149263833500e-01,6.460764568277577671e-08,-6.576079310738640327e-02,-2.097266350203144527e-07,-1.624998284747362555e-07,1.667275088526327262e-08,-8.091363756379641828e-08,6.416867878314935874e-08,-6.244699230704283987e-08,-5.170432652847105126e-08,-3.434162942715325295e-01,6.107733228030088227e-08,-4.216440480220529780e-02,-2.169845780938148132e-07,-1.682155525569765648e-07,9.103416863603529677e-09,-8.343129005858950147e-08,6.923283907480828917e-08,-6.792151614866956414e-08,-5.305583350695840241e-08,-2.842700826282507642e-01,6.233268937217162915e-08,-6.578920381187804145e-02,-2.075261648300441010e-07,-1.890113000636694290e-07,1.760487041359361771e-08,-7.254461172299706271e-09,7.211353046590764911e-08,-5.445332812445288661e-08,-5.413080505951513966e-08,-2.966979871520497580e-01,6.009321393405815706e-08,-9.642921467193452112e-02
3.740808409144995295e-02,1.694654968577910416e-08,-2.756768258365894786e-01,1.475571741621007314e-02,-2.178305790576573756e-08,5.496705403980304411e-02,7.645275217314083026e-09,5.093351392822186087e-08,2.585020304234737054e+00,-6.046897268438271747e-08,1.454918294692099379e-02,1.376476720325746058e-09,-4.350563719537379331e-02,1.417361438266730664e-08,5.611794178189206145e-08,1.922412592222581835e-07,2.711457611044052858e-08,5.206012577945963106e-08,-4.946916148906255750e-01,-5.161977288458838482e-08,4.877974840545995505e-02,-4.656283855435976338e-08,-1.996622095753473533e-02,1.182074721943118488e-08,9.991883769033652449e-08,1.177142565848482384e-07,2.775604648532679246e-09,3.369550725884915043e-08,-3.057954741379459995e-01,-4.933761360670519625e-08,1.758485677423147001e-02,-5.130008011790343448e-08,-1.937311951917067634e-02,4.007167251245361234e-09,9.107356063129995952e-08,1.279065318386298257e-07,1.670597820625520647e-08,3.758408078276395174e-08,-2.697742869157918610e-01,-5.430381986178706306e-08,8.818164734603145538e-02,-6.445691952024892336e-08,1.692974082503468161e-07,9.432681361004930973e-09,3.820216440682633085e-08,2.638456912647847014e-02,-5.568821130467078778e-09,-2.553496757090036403e-07,-2.941969084440466120e-01,-6.156046511706757264e-08
9.500566156772723260e-08,1.019647199870566262e-01,-1.042128928967565475e-07,4.599670209435646320e-07,2.101069658283398189e-09,7.311651246560091731e-08,5.233887702454977447e-08,-2.886377795531933632e-01,-6.046897268438271747e-08,2.479985971060917116e+00,8.628558410218098142e-08,3.542073125186388395e-08,-1.247117072019715465e-07,8.461720544647608097e-08,-9.003993896195714927e-03,8.085777110002736312e-08,5.930607275948146943e-08,-7.330952713908578389e-02,-6.601727887130182168e-08,-5.017412430692527181e-01,8.590260801469529946e-08,1.736675501386265430e-08,-1.019186320557383309e-07,1.163299975666314772e-07,-3.526032370639933800e-02,7.613791964920913091e-08,5.183559876391992974e-08,-5.450423045712742692e-02,-5.605294935664836355e-08,-3.806111887066799815e-01,7.603080216409656382e-08,5.277502856679721161e-10,-1.191029585841379659e-07,1.055308131991612327e-07,-5.590564911187046598e-02,7.021622837219136396e-08,5.088611367854263848e-08,-4.948126635373266413e-02,-5.258937626684605291e-08,-3.125130766914082647e-01,9.250328368477706165e-08,1.170375875593118557e-02,-7.101090756813537828e-08,9.770675594080245980e-08,-9.395463707666433517e-02,7.704352490169384154e-08,3.935787040407381075e-08,-7.364462280014190398e-02,-4.301872333123409748e-08,-3.739319160108672269e-01
-6.138114986202277690e-01,-5.718659878642982311e-08,2.777464159072593960e-02,-6.953583632662939950e-08,-1.733444372279170486e-07,5.943203627540473978e-08,-3.030558176217256622e-02,-2.173580104190657553e-07,1.454918294692099379e-02,8.628558410218098142e-08,2.648071227797287541e+00,-5.577091615840619188e-01,3.164498771917675398e-08,1.427252166653745178e-08,-4.062937114519756513e-07,-8.432321120717628936e-09,-1.438402586931012139e-01,-2.531133511485925555e-07,3.740811876345487286e-02,6.483237155131434659e-08,-6.138114320448171402e-01,1.112054529609514082e-07,-5.259620701757410699e-08,-5.086716632186932021e-09,-5.086047233302826785e-07,-1.865689971689053761e-02,-1.153494863196798809e-02,-2.244878784757552974e-07,5.187652675581213430e-02,6.342271213885687620e-08,-4.130263490080017252e-01,1.299661349220699784e-07,1.869634953744247406e-08,-3.488388113446372341e-02,-5.026448152310461326e-07,-2.673031352643388467e-02,-5.220491836708444910e-02,-2.350568650027941748e-07,3.752842101511597028e-03,7.753013499286903485e-08,-3.891739258356084474e-01,1.466694021362051251e-07,1.989553378037848749e-02,-4.660821420819673266e-02,-2.794346305093316794e-07,-2.903187991124650882e-02,-8.655760405622296705e-02,7.689640207216655024e-07,5.895732103370401184e-02,9.492423101165686845e-08
-1.939562578111705827e-10,-5.264962035172142674e-01,-1.013322997326008075e-09,-1.076856222775455595e-07,-1.566813793844147034e-07,4.084847551702579958e-08,-4.163161739017678583e-08,-1.822593939786820510e-07,1.376476720325746058e-09,3.542073125186388395e-08,-5.577091615840619188e-01,2.514920292776047894e+00,3.179241793565260633e-08,2.373815576890592194e-02,-3.099264743543345192e-07,5.609104933622985567e-09,-1.514740406016325766e-08,1.113610401012580658e-01,2.392384962398118825e-08,1.019647081123589011e-01,4.089910594766886376e-08,-5.264961037779781750e-01,-2.622954943643322227e-08,1.676402838252001223e-08,-3.832434756238056083e-07,1.107854349021828605e-08,-1.612155498785254909e-08,-2.245404695123824372e-07,-1.538298973718748719e-08,3.540063115495690748e-08,2.115886944632274541e-08,-3.212518366172092410e-01,1.503822332677497163e-08,2.520096639510244327e-08,-3.777180219557419411e-07,3.743935228383742030e-08,3.181500191711954547e-09,-2.036140232232181592e-07,2.911944270482007628e-09,3.964420364623954800e-08,-2.279360395366364991e-09,-2.997911508359426547e-01,-4.251895122955570866e-08,2.793882752916778717e-08,-2.264570437821563095e-07,3.934341791682437342e-08,2.867813236079684652e-08,4.904934738810438004e-07,-4.589569521733880243e-08,3.814704512487933979e-08
6.532704374418159814e-08,5.575253151939691311e-08,-4.808155062133681601e-01,-1.678491035905664448e-07,-1.139474459377748002e-07,1.790359121894341543e-02,3.113057767173303024e-08,1.572911060870421672e-08,-4.350563719537379331e-02,-1.247117072019715465e-07,3.164498771917675398e-08,3.179241793565260633e-08,3.049433384755118492e+00,1.576065867349227545e-01,1.561680940962692345e-07,4.258894742414480183e-01,3.698095185907708046e-08,-1.984932188772694553e-08,-2.756769604611542523e-01,-1.223740444274588647e-07,2.777466541906511988e-02,1.300475261122497139e-09,-4.808153718874481064e-01,-2.032185400969449991e-07,-4.855168632812195857e-03,2.965791528670330343e-03,3.134675960968740879e-08,-5.671966960258385571e-08,-4.020324147936191889e-02,-1.107327627656756046e-07,2.053397366029621404e-02,-3.887653008957633189e-09,-3.763681415398201779e-01,-1.412155749011302700e-07,3.979800587501303460e-08,1.758425333547713541e-07,3.582565291586258074e-08,-4.088730150321070082e-08,-3.782983076019180821e-08,-1.179436504389419774e-07,1.435230532588392324e-02,-6.809424135477255667e-09,-3.498476670076865469e-01,-1.295107697112716016e-07,-9.214004732984339488e-03,7.090420399719471987e-03,2.478116315334200513e-08,-3.240561425643209168e-07,-1.773972157875212214e-03,-1.261328664026878529e-07
1.235849829397152481e-08,1.603918052017228339e-08,-1.865084842073459896e-07,-4.527749192497278474e-01,-8.861499828718947787e-09,-1.350289117398455890e-02,9.883989753503634564e-09,-6.604629801215677019e-03,1.417361438266730664e-08,8.461720544647608097e-08,1.427252166653745178e-08,2.373815576890592194e-02,1.576065867349227545e-01,2.184148383402639837e+00,-8.020141263147970202e-08,1.470619028766306992e-07,-6.884931217824844808e-10,-3.133586733247749612e-01,1.475573606530544007e-02,2.160026169010637383e-07,3.026437403164500432e-08,2.112647702211171558e-08,-2.153175819334891617e-07,-4.527749689001103195e-01,-9.400905854938135119e-08,-3.126431875637593338e-02,7.405007296652767143e-09,2.891226870642399221e-07,3.473568297261609551e-08,7.077493408446208450e-08,-3.442903308430866893e-02,3.874913744946540647e-08,-1.604392938341496313e-07,-3.009273871578871939e-01,-7.963355394012152739e-08,-2.905520817853296869e-02,4.796664984025080003e-09,1.487829997544088217e-07,2.084985932102359059e-08,9.616628502800829965e-08,-5.026174665181591672e-02,3.696357299787376088e-08,-1.628272236108050348e-07,-2.430624225370566771e-01,-3.086162084573940219e-08,-3.751420971481025067e-03,1.183824822153529609e-08,4.299688516993651333e-07,3.219721535874219982e-11,1.449149726521603407e-07
-3.679222419592297715e-07,-2.843588038750917992e-07,-4.855125496467342129e-03,-6.710888245470489282e-09,-5.339255375659051062e-01,-1.984005798619271604e-07,-4.703328033705226187e-08,5.345871676183231639e-08,5.611794178189206145e-08,-9.003993896195714927e-03,-4.062937114519756513e-07,-3.099264743543345192e-07,1.561680940962692345e-07,-8.020141263147970202e-08,2.688286041386767522e+00,3.081817040918371498e-01,1.711422266580275298e-01,4.024304534356756447e-08,3.519220478970082797e-08,5.268522386137558730e-10,-4.024722658496297260e-07,-3.339436769202148783e-07,-1.655542600777331911e-08,-5.971674606324518051e-08,-5.339254971103729597e-01,-2.171716897640007865e-07,-4.422155571100581293e-08,3.080532398308141779e-08,1.039157041524197545e-07,-5.281797662110694624e-02,-4.178138939761469146e-07,-3.479143587180122826e-07,-1.391675164483865620e-02,-7.407347449201407246e-08,-4.042937866342785069e-01,-1.698460957671847112e-07,-3.663244538344490625e-08,2.953963249173031026e-08,8.134128202711327729e-08,-2.526270008127587396e-02,-3.958805626352044554e-07,-3.383275508889147487e-07,-1.689613192123778224e-02,-4.664273632957390702e-08,-3.695694658066816518e-01,-1.344446219604063870e-07,-4.842974254618945756e-08,-1.444960515011551946e-07,9.549037734098755995e-08,-5.074555122240263783e-02
-1.865694950205621858e-02,-2.355575192629412412e-08,2.965496455640458714e-03,-3.126434349545990921e-02,-1.013648308651066320e-07,-5.276228394141727618e-01,-2.311496783565442438e-08,-5.366029480943500743e-08,1.922412592222581835e-07,8.085777110002736312e-08,-8.432321120717628936e-09,5.609104933622985567e-09,4.258894742414480183e-01,1.470619028766306992e-07,3.081817040918371498e-01,2.787519182367454107e+00,-5.164689184670846168e-08,-2.471673976698657193e-08,5.496716465981676264e-02,6.956239619537035120e-08,-1.089583134867148054e-09,3.945744746218622173e-08,1.790376846382196740e-02,-1.350293135031395940e-02,-2.605661470893547324e-07,-5.276227526901341447e-01,-2.176210414996175037e-08,-6.091552537407136882e-09,1.435675304663571600e-02,6.620952708304828504e-08,-2.893273489038048797e-03,5.676055174134655563e-08,7.848415387227537440e-03,-5.309705243497017538e-04,-1.914255348732434686e-07,-4.479715754401961680e-01,-2.959606933644634512e-08,-1.696597594097833410e-08,7.851404412160977584e-08,7.159318181184091805e-08,-4.252821412322178168e-02,6.017119718076676029e-08,-2.104408271748985717e-07,-4.249945543281592741e-02,-9.687498981484786451e-08,-3.858821816619692480e-01,-1.402458032013537447e-08,3.328222768443882814e-07,4.210849494419407259e-08,7.695108600215398453e-08
-1.153500177478144172e-02,-7.328764190693212181e-08,2.385213957697978749e-08,-2.909708808266937408e-08,1.920435904930656183e-08,-2.492531992602221624e-08,-4.673190826795947661e-01,-4.732729518980350904e-08,2.711457611044052858e-08,5.930607275948146943e-08,-1.438402586931012139e-01,-1.514740406016325766e-08,3.698095185907708046e-08,-6.884931217824844808e-10,1.711422266580275298e-01,-5.164689184670846168e-08,2.594544331626209566e+00,-5.753408239614161671e-08,3.965398808633936044e-08,5.167015650675486678e-08,-3.030561146695379127e-02,-2.514649349962850570e-08,2.260752574716304831e-08,-9.725792899828625413e-09,-6.682513607974777629e-08,-3.710154368199391796e-08,-4.673190744045105927e-01,-4.264060455291425322e-08,1.891940172612736277e-08,5.247188070878788905e-08,-6.350101475712605081e-02,2.389932495902144483e-08,4.014527331664733665e-08,-1.783068878601399402e-09,-5.281599289035364533e-08,-3.102074139804903556e-08,-2.344835973241174709e-01,-4.898274519066400364e-08,2.907193341346016993e-08,5.549516698096682417e-08,-6.312830498899442422e-02,8.674827896089521511e-09,8.338564148395159058e-09,-6.508266361168867234e-09,-3.496240209234467318e-09,-2.986525196013592033e-08,-1.696651241505343077e-01,2.261202905156247775e-07,5.652624647038734457e-09,5.842312933883239384e-08
-2.642975779820590545e-07,-2.405355835665058261e-07,-1.632106411119505905e-08,3.993514219591647096e-07,5.471180942818635403e-08,-3.912159703282233325e-08,-5.492828383449118993e-08,-4.644856149263833500e-01,5.206012577945963106e-08,-7.330952713908578389e-02,-2.531133511485925555e-07,1.113610401012580658e-01,-1.984932188772694553e-08,-3.133586733247749612e-01,4.024304534356756447e-08,-2.471673976698657193e-08,-5.753408239614161671e-08,3.204745840608477003e+00,5.686703098868368835e-08,-2.886378367235912790e-01,-2.634827295312540623e-07,-2.517343727220939155e-07,6.748379999054146076e-09,-6.604543702868667827e-03,4.419592829695753985e-08,-3.702933432312369433e-08,-6.048234497563781639e-08,-4.644854351058804176e-01,6.497214903465090579e-08,-6.576079396461746718e-02,-2.549425972718429714e-07,-2.259845122380759723e-07,-1.084923594807009500e-08,-1.475810401552413259e-08,5.542898711978542613e-08,-4.998911646327461437e-08,-6.269079822328753029e-08,-3.434161940891017339e-01,6.235050614302877410e-08,-4.216434937245528564e-02,-2.445094817766661951e-07,-2.206077888869942257e-07,7.340550203387713144e-09,-3.808299500506851216e-08,4.682420201979727869e-08,-4.219206822598569708e-08,-6.358818368218159723e-08,-2.842700577615929758e-01,6.246722097661260680e-08,-6.578911962645549172e-02
5.187659528773817808e-02,3.725665936744524289e-08,-4.020325662773718139e-02,7.603882575860613270e-08,-8.806606887912173027e-10,1.435672156425027088e-02,1.714412381237955952e-08,6.460764568277577671e-08,-4.946916148906255750e-01,-6.601727887130182168e-08,3.740811876345487286e-02,2.392384962398118825e-08,-2.756769604611542523e-01,1.475573606530544007e-02,3.519220478970082797e-08,5.496716465981676264e-02,3.965398808633936044e-08,5.686703098868368835e-08,2.585020300341678734e+00,-5.817494674085160927e-08,1.454921390925264894e-02,-5.816669374291762523e-10,-4.350571870237994465e-02,6.241337293405884989e-08,8.023188773349613526e-08,2.249266710939135446e-07,2.673504346868709096e-08,3.809253846750006960e-08,-4.946916069990876519e-01,-5.549542119154116194e-08,4.877977388267123321e-02,-4.347489000600814551e-08,-1.996635079026634618e-02,3.463941400633233523e-08,7.364505800918769423e-08,1.685735603682110488e-07,2.108076906896461635e-08,4.210936979238883870e-08,-3.057954779892822494e-01,-5.877722966965350902e-08,1.758492822470028930e-02,-2.299782379177812112e-08,-1.937309968504298541e-02,5.060457815039687385e-08,-4.649310470282489490e-10,1.243360978329750229e-07,1.793555656034381682e-08,-2.610889813319209513e-07,-2.697743064250445744e-01,-6.787504345992435956e-08
7.464698315724376331e-08,4.099634345596400175e-08,-8.555645827281058066e-08,2.862163314602657489e-07,-5.281798227770539977e-02,6.400160020459780195e-08,4.932615680179158532e-08,-6.576079310738640327e-02,-5.161977288458838482e-08,-5.017412430692527181e-01,6.483237155131434659e-08,1.019647081123589011e-01,-1.223740444274588647e-07,2.160026169010637383e-07,5.268522386137558730e-10,6.956239619537035120e-08,5.167015650675486678e-08,-2.886378367235912790e-01,-5.817494674085160927e-08,2.479985947091120302e+00,6.219140404829338553e-08,1.422757183594930175e-08,-9.138665673644613143e-08,2.455211670894375097e-08,-9.003992612233809381e-03,6.867297829563386968e-08,4.833144739025984718e-08,-7.330961688026454981e-02,-4.582089442373129883e-08,-5.017412529778974006e-01,5.528652486980580969e-08,-3.969195888061233811e-09,-1.094346164751005918e-07,5.162134330198171437e-08,-3.526031604840854095e-02,6.038078799548321178e-08,4.502370391990310037e-08,-5.450427105757568030e-02,-4.447356797282395341e-08,-3.806112145366130073e-01,7.372293962682653108e-08,-2.918536464887512127e-09,-6.518102875206041248e-08,4.932126683220375035e-08,-5.590566366848231245e-02,7.063315734246882256e-08,3.682927961343446687e-08,-4.948142380382472560e-02,-3.416283966568379333e-08,-3.125131000172921558e-01
-4.130264366796114195e-01,-9.695791259718375673e-08,2.053394798983929764e-02,-3.442913493996208746e-02,-1.788411589574384217e-07,-2.893247812783352173e-03,-6.350099213983108337e-02,-2.097266350203144527e-07,4.877974840545995505e-02,8.590260801469529946e-08,-6.138114320448171402e-01,4.089910594766886376e-08,2.777466541906511988e-02,3.026437403164500432e-08,-4.024722658496297260e-07,-1.089583134867148054e-09,-3.030561146695379127e-02,-2.634827295312540623e-07,1.454921390925264894e-02,6.219140404829338553e-08,2.648071314750335858e+00,-5.577090320589789263e-01,-6.779984614375589948e-08,1.428516953401323464e-09,-5.225400695672048711e-07,-6.650072092446696002e-09,-1.438401925536121062e-01,-2.061343536131180704e-07,3.740805956963411810e-02,5.910707701021574264e-08,-6.138113163598187816e-01,2.301652930528814853e-07,-1.976943378492083742e-08,3.350416711437330086e-08,-4.977100712363671056e-07,-1.865687498835976593e-02,-1.153494291494449112e-02,-2.433048968182770130e-07,5.187651182413757778e-02,7.020850447561677301e-08,-4.130263243784774163e-01,1.743817914604621075e-07,-1.061523561399481906e-07,-3.488387615769175665e-02,-2.863105544849257522e-07,-2.673029471139738017e-02,-5.220487907570380698e-02,7.663322780109357896e-07,3.752793322932562129e-03,9.147012491868561921e-08
3.086380709621081864e-08,-3.212519383839407827e-01,-1.311449365833203665e-08,-8.711063909845020837e-08,-1.776281785338137337e-07,6.105048675017878968e-08,9.993080276560425844e-09,-1.624998284747362555e-07,-4.656283855435976338e-08,1.736675501386265430e-08,1.112054529609514082e-07,-5.264961037779781750e-01,1.300475261122497139e-09,2.112647702211171558e-08,-3.339436769202148783e-07,3.945744746218622173e-08,-2.514649349962850570e-08,-2.517343727220939155e-07,-5.816669374291762523e-10,1.422757183594930175e-08,-5.577090320589789263e-01,2.514920427396661218e+00,-5.557105566958650249e-08,2.373816022482109697e-02,-4.106344423895626135e-07,4.123398403637383678e-08,5.203542588573331573e-08,1.113610565498496796e-01,-3.565284559060710485e-08,1.019646929984070749e-01,1.915047400473313836e-07,-5.264959682919473360e-01,-1.795745157491977294e-08,5.738638117602514030e-08,-4.002160172641497895e-07,6.393121565959134973e-08,9.659398852555051316e-09,-2.456388329103840960e-07,-4.677948471482546434e-08,2.222521972358046192e-08,9.483818950963327044e-08,-3.212517467773281510e-01,-8.441223673325185604e-08,4.739008556859288884e-08,-2.503588677549261008e-07,7.824204457129694301e-08,5.553630018680998462e-08,4.831836607151947091e-07,-5.338444595964539164e-08,2.465813564595303133e-08
8.208114405529857756e-09,3.188538691913774567e-09,-3.763683177315174100e-01,-1.116363729455759868e-07,-1.391679686949304912e-02,7.848232150022128525e-03,9.144670073293710489e-09,1.667275088526327262e-08,-1.996622095753473533e-02,-1.019186320557383309e-07,-5.259620701757410699e-08,-2.622954943643322227e-08,-4.808153718874481064e-01,-2.153175819334891617e-07,-1.655542600777331911e-08,1.790376846382196740e-02,2.260752574716304831e-08,6.748379999054146076e-09,-4.350571870237994465e-02,-9.138665673644613143e-08,-6.779984614375589948e-08,-5.557105566958650249e-08,3.049433338954533390e+00,1.576065981857225351e-01,2.231923763333004156e-07,4.258894605637028596e-01,-5.072880298103377223e-11,-3.381857370575253630e-08,-2.756768990445677692e-01,-9.638304270363687717e-08,2.777456871221484214e-02,-7.857320247179522386e-08,-4.808153714974934823e-01,-2.096582562127155554e-07,-4.855155548580258364e-03,2.965771344970559789e-03,9.983883258646630056e-09,-4.134681050326308233e-08,-4.020323512430235002e-02,-9.237134894719428110e-08,2.053392711124900002e-02,-5.693596515378697750e-08,-3.763682709153471362e-01,-7.910736833651376875e-08,5.395948083352928938e-09,-3.490691266407735897e-08,1.270501569169818863e-09,-3.107139073619436823e-07,4.238257287406638654e-08,-1.059524211305494691e-07
-3.488391993651641931e-02,-1.212728380621137976e-08,-1.155384424359855271e-07,-3.009273455661067853e-01,-4.410869849883463945e-09,-5.309769851430553005e-04,4.493178495618291869e-09,-8.091363756379641828e-08,1.182074721943118488e-08,1.163299975666314772e-07,-5.086716632186932021e-09,1.676402838252001223e-08,-2.032185400969449991e-07,-4.527749689001103195e-01,-5.971674606324518051e-08,-1.350293135031395940e-02,-9.725792899828625413e-09,-6.604543702868667827e-03,6.241337293405884989e-08,2.455211670894375097e-08,1.428516953401323464e-09,2.373816022482109697e-02,1.576065981857225351e-01,2.184148357424383402e+00,-1.010283988228512130e-07,1.262573905718794846e-07,1.674597416562051126e-09,-3.133586321105898409e-01,1.475572659357950872e-02,1.879581341043025032e-07,1.845678153360032060e-08,2.114121690456075147e-08,-2.114596598878975450e-07,-4.527749838416118555e-01,-7.972610089844824499e-08,-3.126433617365947243e-02,-2.506377084434746050e-09,2.806089886262003979e-07,4.962227198723429359e-08,7.090130759292458111e-08,-3.442904429556448848e-02,2.314013859919526767e-08,-1.613128819496366704e-07,-3.009274456112462914e-01,-2.852004543688544054e-08,-2.905519874867009897e-02,4.013966595117595900e-09,4.565326429960365520e-07,6.861054806574026480e-09,1.229236294311143330e-07
-4.872796691756014941e-07,-3.608841538147012396e-07,1.354545653367249792e-07,-2.671899383576750863e-08,-4.042938260377509918e-01,-1.876022900368473968e-07,-6.176913408035896709e-08,6.416867878314935874e-08,9.991883769033652449e-08,-3.526032370639933800e-02,-5.086047233302826785e-07,-3.832434756238056083e-07,-4.855168632812195857e-03,-9.400905854938135119e-08,-5.339254971103729597e-01,-2.605661470893547324e-07,-6.682513607974777629e-08,4.419592829695753985e-08,8.023188773349613526e-08,-9.003992612233809381e-03,-5.225400695672048711e-07,-4.106344423895626135e-07,2.231923763333004156e-07,-1.010283988228512130e-07,2.688286062008283128e+00,3.081816478735557863e-01,1.711421927924776931e-01,1.684404340763749997e-08,1.041353027682417268e-07,7.934272734087978394e-09,-5.268389254628071981e-07,-4.246488257436024490e-07,-4.652194061519713315e-09,-9.962455180597815319e-08,-5.339254745357607801e-01,-2.627135018723199468e-07,-7.920197172139720633e-08,4.394785717904765240e-08,1.454288007603202659e-07,-5.281797469100032311e-02,-5.017376113442807313e-07,-4.102939826338561904e-07,-1.391661190710929974e-02,-7.637693359214279163e-08,-4.042938017238784654e-01,-1.852643489177079757e-07,-7.041602860387457276e-08,-1.528266383632000843e-07,1.412201218602571222e-07,-2.526269431795419990e-02
-2.673039648603310614e-02,-1.637564913577578269e-08,-1.354840721757946147e-07,-2.905523436459935341e-02,-6.667843429381953911e-08,-4.479716145253894721e-01,-2.305595003699063231e-08,-6.244699230704283987e-08,1.177142565848482384e-07,7.613791964920913091e-08,-1.865689971689053761e-02,1.107854349021828605e-08,2.965791528670330343e-03,-3.126431875637593338e-02,-2.171716897640007865e-07,-5.276227526901341447e-01,-3.710154368199391796e-08,-3.702933432312369433e-08,2.249266710939135446e-07,6.867297829563386968e-08,-6.650072092446696002e-09,4.123398403637383678e-08,4.258894605637028596e-01,1.262573905718794846e-07,3.081816478735557863e-01,2.787519219221533451e+00,-3.509545163638550723e-08,5.207100744513582902e-09,5.496711439284614198e-02,6.357621777174718256e-08,2.721620244928019024e-08,7.050893690630949648e-08,1.790377409963479424e-02,-1.350290961860641306e-02,-2.607936326617625831e-07,-5.276227505515300731e-01,-2.075100394650977635e-08,-1.147372393007740414e-08,1.435674799363998409e-02,6.829194626695538002e-08,-2.893311370533643238e-03,5.419313635576945299e-08,7.848101641867775632e-03,-5.310182977650519448e-04,-1.061922553300792377e-07,-4.479716373492307890e-01,-1.696454308960375085e-08,3.309702585806836897e-07,3.480508416620675039e-08,7.505739745043067341e-08
-5.220492272718028903e-02,-1.498828262830532550e-08,1.233512970972711222e-08,-2.065761796063878864e-08,2.734711477413784428e-08,-1.659862744215662029e-08,-2.344836017881115897e-01,-5.170432652847105126e-08,2.775604648532679246e-09,5.183559876391992974e-08,-1.153494863196798809e-02,-1.612155498785254909e-08,3.134675960968740879e-08,7.405007296652767143e-09,-4.422155571100581293e-08,-2.176210414996175037e-08,-4.673190744045105927e-01,-6.048234497563781639e-08,2.673504346868709096e-08,4.833144739025984718e-08,-1.438401925536121062e-01,5.203542588573331573e-08,-5.072880298103377223e-11,1.674597416562051126e-09,1.711421927924776931e-01,-3.509545163638550723e-08,2.594544342832489026e+00,-4.572739595541598766e-08,9.773688014097990079e-09,4.424695354662643321e-08,-3.030553970077579443e-02,3.753913596687683601e-08,2.588415089478073071e-08,7.908643562530363109e-09,-7.185469052507658856e-08,-1.373074730908872756e-08,-4.673190614369622242e-01,-5.250644275674067345e-08,2.765568479488178114e-09,4.836262218158896104e-08,-6.350096811211745906e-02,5.547864449862644096e-08,-1.111682524007007652e-08,4.787413957962648749e-09,-2.492790306013514673e-09,-1.270835270427757625e-08,-2.344835948397522851e-01,2.262404362215491829e-07,-3.080305968886317858e-10,5.345978009115634868e-08
-2.097635948528198576e-07,-1.838282157007099469e-07,-2.966611483541553539e-08,3.059404869446276745e-07,1.608258716339783022e-08,-1.578451784057065194e-08,-3.981934047900403691e-08,-3.434162942715325295e-01,3.369550725884915043e-08,-5.450423045712742692e-02,-2.244878784757552974e-07,-2.245404695123824372e-07,-5.671966960258385571e-08,2.891226870642399221e-07,3.080532398308141779e-08,-6.091552537407136882e-09,-4.264060455291425322e-08,-4.644854351058804176e-01,3.809253846750006960e-08,-7.330961688026454981e-02,-2.061343536131180704e-07,1.113610565498496796e-01,-3.381857370575253630e-08,-3.133586321105898409e-01,1.684404340763749997e-08,5.207100744513582902e-09,-4.572739595541598766e-08,3.204745904009064894e+00,3.787114437069696316e-08,-2.886378777461131584e-01,-2.164069319939778919e-07,-2.303243448365733564e-07,-2.697216757572747224e-08,-6.604515123892116223e-03,2.481758088120977648e-08,-1.190016173498786977e-08,-4.657431871765131101e-08,-4.644854223409081717e-01,4.713569133232436070e-08,-6.576079445449800609e-02,-1.912837803412418905e-07,-1.951991577329496664e-07,-1.690126985893721446e-08,-8.270962681279125310e-10,2.490551584840131812e-08,-1.209841423840750451e-08,-4.902385039181412279e-08,-3.434162576711979886e-01,4.338992580704813428e-08,-4.216432211240748323e-02
3.752874306173748474e-03,2.961598497409573449e-08,1.534242641490106773e-09,3.740038885635448726e-08,3.076127593263940983e-09,5.452167766387939660e-09,1.163423428268186419e-08,6.107733228030088227e-08,-3.057954741379459995e-01,-5.605294935664836355e-08,5.187652675581213430e-02,-1.538298973718748719e-08,-4.020324147936191889e-02,3.473568297261609551e-08,1.039157041524197545e-07,1.435675304663571600e-02,1.891940172612736277e-08,6.497214903465090579e-08,-4.946916069990876519e-01,-4.582089442373129883e-08,3.740805956963411810e-02,-3.565284559060710485e-08,-2.756768990445677692e-01,1.475572659357950872e-02,1.041353027682417268e-07,5.496711439284614198e-02,9.773688014097990079e-09,3.787114437069696316e-08,2.585020339627469799e+00,-4.507667518667645259e-08,1.454914749445145560e-02,-5.436142971484419866e-08,-4.350570170653931396e-02,3.077958335687043680e-08,9.936132358582863858e-08,1.748939535112416833e-07,1.554322238601224717e-08,4.266302044435679552e-08,-4.946915792745637530e-01,-4.866926599556708219e-08,4.877975794189696318e-02,-6.970379646767976680e-08,-1.996620604661551376e-02,2.803659668323350262e-08,3.009764747742966996e-08,7.100829684112659779e-08,-3.802357564693732551e-09,-2.578999673925322592e-07,-3.057954657286159339e-01,-5.621083483759035588e-08
7.583163970660129137e-08,4.402150488112810401e-08,-8.510749871939569875e-08,2.890188680667781185e-07,-2.526270488863804203e-02,6.238831167990989816e-08,4.990907815431952197e-08,-4.216440480220529780e-02,-4.933761360670519625e-08,-3.806111887066799815e-01,6.342271213885687620e-08,3.540063115495690748e-08,-1.107327627656756046e-07,7.077493408446208450e-08,-5.281797662110694624e-02,6.620952708304828504e-08,5.247188070878788905e-08,-6.576079396461746718e-02,-5.549542119154116194e-08,-5.017412529778974006e-01,5.910707701021574264e-08,1.019646929984070749e-01,-9.638304270363687717e-08,1.879581341043025032e-07,7.934272734087978394e-09,6.357621777174718256e-08,4.424695354662643321e-08,-2.886378777461131584e-01,-4.507667518667645259e-08,2.479985954383693070e+00,4.973036353223836284e-08,-8.513304699032162708e-10,-1.061418986812771747e-07,-7.424213043476998537e-09,-9.003978718685901744e-03,5.865919137231179080e-08,4.515915542835627499e-08,-7.330961179718611942e-02,-4.122506579519756607e-08,-5.017412571691455270e-01,7.132928178306968097e-08,-6.449055437040057856e-10,-6.284671666367366946e-08,2.798828695924262189e-08,-3.526032410724855987e-02,6.616613432244255466e-08,3.439352599269267778e-08,-5.450438695743914375e-02,-3.315238417453311209e-08,-3.806112165289255445e-01
-3.891739226224921744e-01,-4.481438922992333654e-08,1.435223043758950684e-02,-5.026184783013903923e-02,-1.981328218690050917e-07,-4.252811370330377566e-02,-6.312824540628274306e-02,-2.169845780938148132e-07,1.758485677423147001e-02,7.603080216409656382e-08,-4.130263490080017252e-01,2.115886944632274541e-08,2.053397366029621404e-02,-3.442903308430866893e-02,-4.178138939761469146e-07,-2.893273489038048797e-03,-6.350101475712605081e-02,-2.549425972718429714e-07,4.877977388267123321e-02,5.528652486980580969e-08,-6.138113163598187816e-01,1.915047400473313836e-07,2.777456871221484214e-02,1.845678153360032060e-08,-5.268389254628071981e-07,2.721620244928019024e-08,-3.030553970077579443e-02,-2.164069319939778919e-07,1.454914749445145560e-02,4.973036353223836284e-08,2.648071458683831203e+00,-5.577088933361515899e-01,-3.836721173216465842e-08,4.243468347685838408e-08,-5.197552546275968656e-07,4.058994446713508063e-08,-1.438401814245948152e-01,-2.244995590534901243e-07,3.740803625321235254e-02,5.931429075807290573e-08,-6.138112708141069129e-01,2.915948417513424875e-07,-1.475983747153464846e-07,3.955647313094033735e-08,-2.903884906740534902e-07,-1.865683401970074859e-02,-1.153489338277488389e-02,7.556053521070062563e-07,5.187644531986311536e-02,7.737816025114911143e-08
